23428103
36646622
51639549
18010642
24060384
7605997
29919529
40984354
11295980
49677958
31341389
48736004
9532979
887668
50611184
30000705
21102860
33357402
13335912
28114959
12512804
13535410
39925263
20562472
19753382
32341429
43725180
15196855
25496177
49728894
4080951
28713122
32321706
33501566
9043093
13737654
32341429
14215173
15312577
9043093
16405096
18440611
19330303
16247032
32802550
39437851
7494968
37293838
31324191
10458312
36574452
12921901
33501566
38285533
28855315
35104004
44711530
43012114
33654436
1728410
8679907
19040234
39292374
8155898
18022579
46182202
2810148
36396215
7788200
38666509
12199158
12888144
38594800
19185422
3649027
42740535
1728410
4714052
40337191
48270954
678865
21542347
13335912
6347973
19532394
3876956
34762884
6625870
32802550
43443015
39651783
40350417
4634042
42705738
8960934
46086437
5082243
45623864
30885056
26492250
