50
16
88 93 42 95
63 47 23 33
7 27 75 81
45 84 48 67
36 90 72 81
36 63 69 1
15 88 88 85
50 98 31 14
43 42 98 85
34 26 91 9
98 36 84 18
34 87 40 52
78 34 75 28
95 55 25 97
40 55 18 7
14 84 14 46
25
97 90 19 78
42 42 58 96
69 11 49 65
32 2 67 10
70 49 4 38
16 60 71 81
93 29 15 95
17 98 55 81
13 25 2 61
89 58 56 19
31 81 32 95
64 68 66 80
88 83 63 45
100 59 99 39
44 65 87 77
31 6 82 15
84 23 60 48
21 97 74 47
85 49 47 24
90 87 85 27
18 53 79 89
7 92 67 26
34 26 16 62
42 20 35 39
33 85 76 9
22
90 5 11 98
3 89 57 99
84 36 98 3
82 46 88 43
68 59 22 29
7 6 55 60
76 8 23 79
87 79 77 77
3 24 27 57
85 60 79 5
57 20 10 77
43 39 68 64
66 70 45 39
63 72 27 95
84 63 6 72
32 2 47 77
30 87 61 32
98 50 65 51
2 78 97 69
10 54 96 44
76 83 26 13
35 31 72 7
14
69 11 74 23
2 67 87 36
25 4 62 43
49 95 76 51
62 100 34 5
21 44 22 53
15 7 47 15
39 53 73 79
95 74 70 40
53 58 85 93
31 83 45 84
52 20 93 38
71 35 51 8
61 73 40 43
2
4 42 18 11
44 51 81 51
17
62 86 30 72
82 35 7 75
45 19 1 35
46 42 72 68
66 61 62 49
82 90 4 52
13 17 42 26
36 9 80 1
53 23 73 28
98 36 22 71
73 34 64 1
27 40 93 25
82 12 95 64
75 39 100 30
54 43 88 24
38 78 59 13
29 84 47 88
21
33 40 88 89
29 73 94 45
98 89 28 46
28 79 85 57
97 66 50 33
63 59 91 43
29 85 36 23
30 45 73 20
74 9 82 4
97 39 97 56
17 37 96 37
15 80 23 55
73 60 5 99
65 44 52 80
37 86 48 10
28 63 16 50
45 95 32 21
63 42 75 90
54 10 81 6
9 99 97 6
89 92 45 21
23
40 97 32 96
70 21 94 52
18 95 82 34
47 84 28 28
83 60 90 15
17 84 5 69
73 26 39 75
87 80 94 48
94 86 80 70
65 44 67 26
70 90 44 58
76 5 87 60
59 17 97 89
79 16 63 75
66 23 23 37
73 11 32 12
34 70 36 44
69 38 35 50
72 47 89 45
12 33 80 1
36 96 44 74
6 48 49 19
34 60 9 37
13
67 54 25 54
46 30 98 78
89 48 4 80
83 79 62 95
92 5 10 86
53 82 74 57
2 16 78 74
29 60 51 36
30 94 85 16
3 32 4 83
12 73 88 84
69 61 20 53
80 30 20 35
7
2 53 72 84
41 4 34 5
18 14 84 81
30 90 74 63
3 61 44 9
37 100 88 23
14 6 4 38
25
8 77 22 30
59 28 29 24
29 73 25 64
77 85 55 84
42 62 46 76
31 37 8 52
91 71 76 22
4 33 71 90
25 2 26 63
34 97 60 43
54 50 25 69
96 94 10 89
27 62 36 12
24 100 7 29
13 44 67 69
34 72 75 3
54 96 85 19
86 96 24 99
50 60 35 13
83 67 30 23
63 52 25 4
39 50 95 90
35 42 97 24
9 18 74 9
97 26 51 40
21
21 17 26 50
9 66 66 50
75 62 4 62
80 17 94 99
57 38 12 37
79 90 65 62
6 22 63 79
8 64 11 71
68 47 88 84
61 27 32 14
71 8 42 59
84 24 84 61
99 0 19 73
16 85 85 13
69 48 10 84
66 36 43 55
84 22 29 87
27 75 15 72
97 42 46 28
30 47 48 90
64 17 91 38
9
85 84 56 47
29 60 22 66
1 26 22 55
51 44 40 47
1 95 70 56
3 12 9 40
81 36 34 9
53 95 69 79
70 71 39 6
18
6 89 48 67
6 95 37 40
79 43 21 18
19 38 72 33
76 72 47 76
33 68 20 89
20 71 32 13
54 41 85 70
58 63 80 66
17 63 21 19
85 55 38 22
90 46 29 36
60 69 72 3
5 86 85 90
93 25 40 66
96 75 97 89
88 1 100 91
23 21 53 4
11
91 68 42 83
81 68 23 17
12 100 12 48
49 3 1 40
16 100 73 100
25 94 44 69
3 82 63 9
47 6 64 14
98 3 23 83
20 28 54 97
80 55 33 67
10
21 41 33 53
5 73 64 94
33 34 80 43
96 62 61 66
97 44 34 77
46 20 50 27
78 95 19 2
33 60 42 68
14 66 59 71
43 71 19 10
15
29 52 12 95
61 27 13 15
47 40 52 43
0 43 41 25
96 91 69 97
32 5 46 32
78 59 72 85
9 48 69 23
15 55 69 84
97 91 20 57
17 63 100 61
95 7 97 45
31 72 34 46
26 9 70 69
98 74 78 54
17
39 69 61 43
38 57 77 64
90 40 51 42
47 37 83 85
53 14 50 25
43 68 8 69
32 39 59 40
31 9 54 31
14 27 55 44
14 29 85 8
71 88 60 84
83 8 22 100
51 60 40 32
65 92 89 45
34 26 30 93
43 87 52 21
55 32 15 32
6
94 26 81 36
21 39 13 99
22 68 64 24
60 50 37 20
72 65 35 33
80 46 24 41
21
54 23 69 31
90 29 69 14
58 89 60 56
6 24 80 40
45 63 15 87
20 42 8 72
78 63 28 16
87 15 22 5
19 78 47 50
84 75 34 50
43 87 42 66
29 50 48 95
97 90 91 71
75 31 26 35
46 38 11 84
58 24 23 87
15 57 65 13
38 53 57 42
18 54 78 25
85 43 84 61
29 42 82 57
24
24 94 45 2
100 75 27 37
86 10 80 60
73 6 88 60
83 57 70 56
67 35 60 52
28 70 70 19
45 62 72 60
65 14 23 26
5 97 25 60
81 48 99 64
92 44 35 92
56 22 85 1
53 81 68 89
13 93 71 88
49 36 78 80
59 81 4 22
50 22 27 76
32 11 76 79
47 78 70 42
28 49 19 64
99 22 70 76
23 93 6 57
87 52 100 28
17
0 14 50 64
58 3 68 38
54 7 50 82
62 32 3 6
73 96 85 12
0 99 79 48
66 85 78 25
65 19 95 52
62 35 64 8
88 41 86 50
53 17 10 24
84 90 74 93
78 44 19 100
53 13 56 16
86 64 11 34
8 56 5 96
86 35 61 58
10
54 35 20 71
97 31 75 71
80 97 36 4
54 82 4 56
49 82 4 21
30 92 60 91
77 72 92 50
66 73 70 100
15 15 2 86
28 89 50 78
12
28 46 87 73
2 78 90 30
70 71 19 40
34 75 16 75
40 38 26 20
54 13 87 99
70 46 42 60
97 22 68 30
41 16 20 2
9 6 42 49
62 84 35 4
49 0 41 65
25
87 77 45 14
24 60 70 56
22 94 10 38
59 37 43 97
74 76 31 34
18 47 57 86
13 27 2 74
44 4 18 62
60 76 72 24
60 41 87 71
21 31 89 54
88 96 29 37
17 44 54 67
100 16 55 78
14 9 23 67
52 9 29 29
95 98 47 25
59 46 42 42
61 82 94 16
6 55 96 41
93 6 17 89
99 6 91 86
46 80 12 63
76 78 29 62
0 4 29 82
10
54 35 20 71
97 31 75 71
80 97 36 4
54 82 4 56
49 82 4 21
30 92 60 91
77 72 92 50
66 73 70 100
15 15 2 86
28 89 50 78
8
81 99 94 44
99 2 8 74
3 37 56 85
79 76 51 75
35 8 97 100
87 20 27 18
18 83 15 31
5 94 56 67
4
99 17 78 59
43 25 64 2
92 39 90 68
60 74 20 46
10
94 82 10 55
79 25 98 23
67 78 11 69
97 52 6 87
77 30 39 22
25 45 21 66
47 50 17 42
99 56 95 26
86 54 69 25
22 6 76 62
12
71 48 73 29
79 62 12 55
47 2 26 77
45 0 64 46
0 57 39 10
82 42 95 95
75 52 58 27
96 27 13 48
56 7 8 87
58 97 25 7
23 44 75 38
96 17 72 80
7
3 69 13 46
72 90 14 30
25 14 73 40
13 41 27 17
27 98 76 50
17 13 58 9
58 93 88 61
16
93 12 82 39
20 12 51 92
96 7 43 75
27 38 63 47
37 59 17 61
12 5 28 95
94 91 64 73
61 46 76 85
88 83 43 25
45 80 63 55
72 55 29 77
58 64 22 84
18 1 48 78
97 75 11 94
45 34 30 80
76 33 60 98
18
3 26 55 48
67 87 56 9
53 48 98 78
48 84 61 9
81 33 30 42
40 75 2 84
41 39 92 25
26 96 5 47
24 74 74 34
87 88 55 36
9 90 62 15
11 28 17 3
6 99 74 67
37 23 78 89
42 78 90 19
91 89 80 63
11 32 28 32
68 45 65 53
15
7 31 57 95
34 39 21 50
18 0 2 79
2 20 86 95
32 94 21 89
51 35 73 75
58 89 77 92
84 25 42 60
16 55 93 52
33 60 92 13
79 80 11 1
80 50 35 9
22 85 85 75
81 20 59 49
45 74 94 26
5
68 52 18 1
30 67 92 34
83 20 4 31
18 71 44 45
11 94 19 24
20
95 42 89 74
55 71 58 87
43 92 94 57
45 23 45 89
47 35 22 23
55 98 55 82
48 67 61 95
0 67 94 92
87 23 9 26
42 71 24 15
35 90 53 3
40 31 13 3
87 51 90 19
69 76 86 82
8 51 95 29
80 38 61 56
57 29 53 85
48 55 50 63
16 29 45 7
16 42 26 16
18
79 50 40 67
22 52 38 50
80 96 97 79
50 5 50 73
60 20 89 49
95 97 93 71
65 34 87 98
53 15 51 71
46 8 40 74
20 89 18 7
99 77 22 34
42 57 77 15
88 6 55 41
68 70 20 22
19 9 47 53
85 3 92 55
6 90 36 57
56 5 16 51
3
14 18 65 72
1 60 50 75
9 2 46 21
1
4 87 76 70
8
14 12 63 11
25 46 58 9
34 46 6 80
17 21 43 45
81 10 18 74
52 51 85 34
86 67 38 92
56 62 38 10
11
61 28 1 54
49 38 7 26
89 58 44 67
95 6 98 16
77 36 69 48
27 20 15 55
1 96 51 3
45 10 46 48
47 22 96 8
44 32 75 13
14 35 50 41
24
84 54 62 92
99 16 31 31
23 99 52 15
46 73 29 20
4 78 30 86
91 30 60 25
16 87 57 15
96 16 49 62
48 4 64 32
94 89 46 68
2 29 89 61
43 55 6 72
88 0 49 94
73 23 69 2
14 48 45 17
85 72 18 80
41 19 65 44
79 21 11 4
55 35 24 29
8 79 52 71
70 26 58 86
59 99 8 4
23 84 4 22
100 46 60 77
9
66 57 34 73
52 76 47 9
24 54 32 42
66 36 77 67
61 18 53 38
68 17 21 42
95 80 92 75
25 16 47 84
49 62 23 70
17
11 53 64 70
76 38 98 1
22 29 13 70
18 25 92 9
2 18 57 45
45 94 51 41
16 27 56 53
100 83 33 61
44 37 84 4
94 93 44 80
23 94 18 49
40 41 28 46
44 78 74 1
71 80 56 10
4 10 3 94
19 22 33 97
56 53 19 31
2
83 32 62 19
19 8 56 34
22
20 37 90 97
89 18 43 85
46 77 67 38
12 79 23 97
74 60 10 27
67 47 66 33
98 91 27 14
33 59 6 77
64 5 31 67
26 95 28 31
10 13 54 58
77 8 91 29
90 90 55 34
21 62 2 37
12 26 38 5
6 74 33 92
10 94 41 43
5 64 66 57
41 27 18 17
10 69 8 73
5 70 28 16
23 15 81 100
8
89 83 55 14
72 45 18 26
82 50 84 80
28 29 47 28
64 94 72 8
68 14 74 57
27 16 87 75
100 64 84 7
3
75 28 93 49
74 95 67 68
63 30 4 39
21
9 99 100 39
38 92 74 14
16 86 83 56
19 38 99 89
11 38 94 11
52 44 78 57
20 12 57 80
41 39 54 26
10 56 21 1
21 74 84 12
71 23 100 16
77 93 71 92
47 11 77 16
7 60 73 43
2 67 22 99
4 22 60 72
8 47 12 42
25 21 59 91
62 18 87 34
90 83 40 33
23 87 45 7
11
6 34 68 6
54 39 85 14
7 96 77 79
18 28 44 75
21 57 70 32
13 64 73 8
86 38 99 14
78 12 3 98
18 26 32 37
83 65 84 81
40 66 61 91
