1.047607646176
0.238882748623
1.239006108778
0.000000000000
43.200966557211
31.000008797190
55.600026615304
0.000000000002
0.000000000000
0.000018611163
0.000000000000
0.019485532655
19.400707898731
10.500311909137
0.038954097001
17.719163991904
0.000120264153
0.000000059974
0.496273908742
0.000001216703
77.800000000000
8.598896570148
0.261070050525
10.933319142273
0.000000000000
24.837991994997
0.000000000003
0.000000000534
0.000000000000
8.567528913958
88
8.567528913958
41.200249262074
31.600214382264
77.800000000000
0.243732724535
0.000070857839
0.000000177661
3.529081618725
36.805465363652
65.600000000002
1.957847501130
0.000000000024
31.600214382264
0.000000000000
0.001096638616
0.000064900225
0.000062193935
0.082536483984
0.818356181165
