50
53 50
1
0
0
1
2
1
0
0
0
1
1
1
0
1
0
1
2
0
0
3
0
3
1
4
0
0
0
1
1
3
0
0
0
1
0
1
1
1
2
0
8
0
0
3
0
0
0
1
0
0
78 73
1
0
0
1
1
0
1
1
2
0
0
1
0
2
6
5
0
0
1
0
2
1
1
4
0
0
1
0
2
0
4
3
0
1
0
1
1
0
0
1
0
3
0
0
1
2
0
1
0
1
0
1
2
0
0
0
5
4
0
0
0
0
0
0
3
2
2
0
1
0
0
2
0
76 58
1
0
4
2
0
7
3
0
3
3
0
1
0
0
1
0
0
0
0
3
0
1
0
4
0
6
3
0
0
1
0
2
2
0
3
1
0
0
0
0
2
1
0
0
2
0
0
1
3
0
0
0
1
1
0
0
2
0
1 92
1
0
1
0
0
0
0
0
0
0
2
0
2
2
0
2
0
0
2
0
0
0
0
0
0
0
3
1
0
0
1
1
0
3
1
3
0
0
0
0
0
0
1
1
0
2
1
2
0
0
0
0
0
0
1
0
2
0
0
0
4
0
0
0
1
1
1
1
0
2
0
1
1
1
1
1
1
1
1
0
0
2
2
4
1
2
2
1
0
1
0
2
88 34
3
0
0
0
1
0
11
1
0
1
0
0
1
1
3
0
0
0
0
1
0
1
0
0
0
0
2
3
0
2
0
0
1
0
38 13
1
1
0
0
1
1
0
0
1
0
0
0
0
99 30
0
2
0
3
7
1
1
0
0
0
0
0
0
0
1
3
3
0
2
1
0
0
1
0
1
0
0
5
0
0
19 79
0
0
0
1
1
1
0
1
0
1
0
0
0
0
2
2
0
0
2
0
0
2
2
0
0
1
0
2
0
0
0
1
1
3
0
0
3
0
0
1
1
1
0
0
0
0
0
0
0
0
3
1
1
1
2
3
2
0
3
0
0
1
0
2
0
0
3
0
4
1
1
3
0
4
2
0
2
0
0
14 71
0
0
1
2
0
0
0
1
0
1
2
1
1
3
1
0
0
0
0
0
0
0
1
1
0
0
3
0
0
0
2
1
2
2
0
1
0
0
3
1
0
2
0
0
0
3
0
3
0
0
4
0
0
1
1
1
1
2
0
4
1
1
1
0
1
1
2
1
2
1
1
56 72
4
5
0
0
0
0
1
0
5
0
2
0
2
1
1
0
0
0
1
0
0
0
0
4
2
0
0
0
0
0
4
1
2
2
0
0
0
1
2
2
1
7
0
2
2
2
0
2
0
5
1
1
0
2
1
0
0
1
0
0
1
0
1
0
1
1
0
3
0
1
6
1
31 86
1
0
2
7
4
1
1
1
1
2
0
0
0
0
0
0
2
2
4
1
0
0
7
3
1
0
7
4
7
0
2
1
1
0
1
1
1
0
0
0
1
0
2
0
0
1
2
0
1
0
1
0
2
4
0
2
0
0
2
0
1
1
0
1
0
0
1
0
1
2
0
0
1
2
0
0
0
2
0
1
0
2
1
0
8
2
40 42
1
0
3
0
0
0
0
0
0
1
2
1
1
0
1
2
0
0
0
0
1
1
2
1
0
3
4
2
1
0
0
2
5
0
8
1
3
0
0
3
0
0
25 13
0
0
0
0
0
2
1
0
0
0
1
0
0
77 56
0
0
0
1
1
0
0
2
0
0
0
1
2
1
0
2
0
2
0
4
1
0
0
1
4
0
1
0
1
0
1
1
1
0
0
1
0
0
4
0
0
1
1
0
0
0
1
0
2
1
1
2
1
2
5
0
54 54
0
2
1
2
0
0
3
2
0
1
1
0
0
1
0
2
0
1
1
1
2
3
0
1
1
0
4
0
1
0
0
0
3
1
3
1
1
0
0
2
3
5
0
1
0
0
1
5
0
0
3
1
0
0
98 80
0
3
0
0
2
0
0
0
0
0
0
1
2
0
0
0
0
4
1
2
1
0
4
0
0
1
0
0
0
1
0
1
1
5
0
0
0
0
0
0
0
0
1
0
1
1
1
0
2
0
0
1
0
3
0
0
0
0
0
0
1
1
0
0
0
2
0
0
0
0
1
1
2
0
5
0
3
1
0
2
51 83
0
0
0
0
2
1
5
1
1
0
0
0
0
1
1
1
0
3
0
2
0
0
0
3
0
0
3
0
0
0
0
0
3
2
1
0
2
3
1
2
1
2
0
3
0
1
0
0
0
0
0
0
0
2
0
1
3
1
0
0
1
1
0
2
1
2
1
2
0
2
0
1
5
0
2
0
0
0
0
0
0
1
1
6 34
0
3
0
0
1
0
2
1
0
0
2
2
0
1
0
0
5
0
1
0
1
0
0
1
0
0
0
5
3
0
0
0
3
0
81 81
1
0
1
2
2
4
0
0
2
1
1
0
1
0
0
0
4
0
0
0
0
2
1
3
0
0
0
0
0
4
0
0
0
3
0
0
1
1
0
0
0
1
1
0
1
0
1
0
1
4
0
2
2
0
1
0
2
0
0
0
0
0
0
0
0
2
0
0
0
1
4
0
3
0
0
2
4
0
1
6
0
42 84
2
0
1
1
0
0
0
1
0
1
1
0
2
0
3
0
0
1
0
0
1
3
2
1
0
2
2
0
0
0
0
0
2
0
1
0
0
2
0
2
0
1
0
0
2
0
0
1
0
0
1
0
0
0
0
1
2
3
2
3
1
5
0
0
0
0
1
0
1
0
3
0
5
1
0
2
0
0
3
0
4
0
2
0
82 9
1
0
1
0
1
0
0
0
0
29 19
1
0
0
2
1
0
0
0
0
0
1
0
0
2
0
2
2
4
0
36 33
0
0
0
0
2
0
2
0
0
0
1
2
1
2
2
1
0
0
6
0
3
0
4
1
0
0
0
0
3
2
1
2
2
87 41
0
2
2
1
1
0
0
0
0
0
4
1
0
0
3
3
0
0
0
2
1
4
1
4
1
5
3
1
0
0
0
6
0
3
0
0
4
2
0
0
2
5 56
2
0
0
2
2
1
1
1
0
0
4
1
1
3
0
3
0
1
3
1
2
0
1
1
0
1
6
1
0
1
0
0
0
1
3
0
0
2
0
0
1
3
3
0
0
0
2
0
0
0
0
2
1
0
2
1
96 26
0
0
0
4
2
5
0
8
1
1
2
0
2
1
0
0
13
1
3
1
2
0
2
1
2
0
25 60
3
0
1
0
3
0
3
3
0
0
1
0
1
0
3
2
1
0
0
2
0
1
1
2
1
1
3
2
0
1
1
4
6
0
0
1
1
1
0
0
0
3
5
0
0
0
5
0
1
1
0
0
0
0
4
1
1
1
2
4
22 79
1
0
0
0
0
0
0
0
0
0
0
3
2
2
0
1
3
0
0
0
0
1
2
2
1
0
0
2
0
0
3
1
5
0
0
0
2
0
0
1
0
0
0
0
0
0
0
0
0
2
0
1
1
0
0
0
0
0
1
1
0
0
0
0
0
4
6
1
1
0
0
4
2
4
0
3
0
1
0
4 60
0
1
0
1
2
0
1
0
0
0
0
1
1
0
1
0
1
1
0
0
7
1
0
0
0
1
0
0
0
0
1
0
0
0
5
1
0
0
0
2
0
4
0
3
1
0
0
2
2
0
4
2
0
2
0
1
0
1
2
0
41 17
1
1
0
0
1
1
1
0
0
5
7
2
0
1
1
2
1
88 3
0
0
0
41 17
1
1
0
0
1
1
1
0
0
5
7
2
0
1
1
2
1
72 18
1
2
0
1
1
2
0
2
1
0
0
4
5
0
1
1
1
0
47 5
1
5
5
0
0
82 9
1
0
1
0
1
0
0
0
0
84 61
2
1
0
0
1
0
1
3
0
1
1
0
0
2
1
2
1
1
0
3
0
1
1
3
2
3
0
0
0
0
7
7
1
1
1
0
3
3
3
0
0
1
0
1
2
2
1
0
0
0
1
0
2
0
3
0
2
1
2
3
2
45 64
1
1
0
1
0
0
6
2
2
0
0
1
1
0
0
3
0
0
2
1
2
1
5
0
0
0
0
0
0
7
0
6
0
1
3
8
0
2
0
0
1
1
0
0
0
0
1
0
0
1
1
1
0
0
0
0
2
4
0
0
0
1
0
0
19 46
0
0
0
1
1
1
2
0
1
1
5
0
0
2
8
1
2
0
0
0
0
1
1
3
0
0
1
2
2
0
1
1
2
1
6
0
1
0
1
0
0
1
0
0
1
0
96 61
0
0
0
0
2
2
0
0
2
1
1
0
1
0
1
0
1
1
0
10
1
2
0
1
0
0
0
1
1
1
0
4
1
0
4
1
1
0
4
4
1
1
2
1
0
2
1
0
3
0
1
6
0
0
0
0
1
3
1
1
1
83 25
0
5
1
0
2
0
1
1
0
0
3
4
1
0
4
5
0
0
1
0
0
0
1
1
3
74 5
2
3
1
0
0
24 20
0
1
0
2
1
1
1
0
0
0
0
1
6
3
0
1
1
1
0
0
24 56
0
2
0
0
2
0
1
3
2
2
2
0
0
1
0
0
0
1
2
1
0
1
3
4
2
0
2
4
0
0
0
0
5
5
2
3
0
3
2
1
6
0
1
0
0
0
3
0
0
0
0
1
1
0
2
2
47 5
1
5
5
0
0
1 40
0
4
0
0
1
5
2
2
0
0
1
2
0
0
0
0
3
0
0
0
0
1
1
1
0
4
0
0
0
2
3
0
0
3
0
5
1
1
3
1
44 68
1
1
0
1
0
1
0
2
0
2
1
1
1
2
1
1
0
0
1
1
0
1
0
0
1
0
0
0
1
0
0
4
2
1
0
1
0
2
1
4
0
1
5
1
0
0
2
2
0
1
0
0
2
0
1
0
2
1
1
1
1
0
1
1
0
3
0
0
79 100
1
2
0
3
0
0
0
1
2
1
3
1
1
0
0
0
0
0
0
1
1
1
2
0
1
1
1
1
1
1
0
2
2
0
2
0
1
1
2
0
1
0
0
0
2
0
3
0
4
1
5
1
1
1
1
0
6
2
0
2
7
1
0
0
3
1
0
0
0
0
1
0
0
0
0
0
0
1
3
0
0
1
0
0
3
0
7
1
1
0
1
0
0
0
0
4
0
1
0
2
59 69
1
1
0
0
0
1
3
4
2
0
3
2
3
1
2
0
0
1
4
1
1
2
2
0
1
1
2
3
0
0
1
0
1
3
0
1
0
0
2
0
1
0
1
1
1
1
1
1
2
0
10
1
0
2
0
0
0
3
0
2
0
0
1
1
0
3
1
2
0
83 76
2
1
1
1
0
1
0
1
0
2
0
0
0
0
2
3
0
0
0
2
1
1
3
4
1
3
0
0
2
1
1
0
0
1
0
2
2
6
3
0
0
1
0
0
0
0
0
3
0
1
2
0
0
0
0
4
0
1
0
5
1
1
1
0
0
7
0
1
2
0
1
4
0
0
1
0
94 91
5
0
0
0
0
1
2
2
1
1
0
0
0
1
0
1
1
2
0
3
2
0
0
0
1
1
0
0
0
1
0
2
2
0
0
0
1
0
1
1
0
0
6
1
1
1
0
0
0
0
0
5
1
0
1
1
1
1
0
0
0
3
1
0
2
0
0
2
2
0
1
0
1
2
0
1
0
0
1
1
2
0
0
1
1
0
0
1
8
0
0
